#
# column #1=histogram, #2=x-axis bin, #3=binned cross-section, #4=error, #5=number of events 
# this can be easily plotted in gnuplot with the commands:
#    NHi=3
#    plot 'output.dat' using ($2):($1==NHi ? $3 : 1/0) w st
# where NHi selects the histogram
#
#
# run time =       0.44min
# TotCS =      1.6578092117-315           6.93337-310
#
# Histogram 1: m(jj)                                             
 1|   1.150E+02|   0.0000000000000000E+00|   0.0000000000000000E+00|          0|
 1|   1.153E+02|   0.0000000000000000E+00|   0.0000000000000000E+00|          0|
 1|   1.155E+02|   0.0000000000000000E+00|   0.0000000000000000E+00|          0|
 1|   1.158E+02|   0.0000000000000000E+00|   0.0000000000000000E+00|          0|
 1|   1.160E+02|   0.0000000000000000E+00|   0.0000000000000000E+00|          0|
 1|   1.163E+02|   0.0000000000000000E+00|   0.0000000000000000E+00|          0|
 1|   1.165E+02|   0.0000000000000000E+00|   0.0000000000000000E+00|          0|
 1|   1.168E+02|   0.0000000000000000E+00|   0.0000000000000000E+00|          0|
 1|   1.170E+02|   0.0000000000000000E+00|   0.0000000000000000E+00|          0|
 1|   1.173E+02|   0.0000000000000000E+00|   0.0000000000000000E+00|          0|
 1|   1.175E+02|   0.0000000000000000E+00|   0.0000000000000000E+00|          0|
 1|   1.178E+02|   0.0000000000000000E+00|   0.0000000000000000E+00|          0|
 1|   1.180E+02|   0.0000000000000000E+00|   0.0000000000000000E+00|          0|
 1|   1.183E+02|   0.0000000000000000E+00|   0.0000000000000000E+00|          0|
 1|   1.185E+02|   0.0000000000000000E+00|   0.0000000000000000E+00|          0|
 1|   1.188E+02|   0.0000000000000000E+00|   0.0000000000000000E+00|          0|
 1|   1.190E+02|   0.0000000000000000E+00|   0.0000000000000000E+00|          0|
 1|   1.193E+02|   0.0000000000000000E+00|   0.0000000000000000E+00|          0|
 1|   1.195E+02|   0.0000000000000000E+00|   0.0000000000000000E+00|          0|
 1|   1.198E+02|   0.0000000000000000E+00|   0.0000000000000000E+00|          0|
 1|   1.200E+02|   0.0000000000000000E+00|   0.0000000000000000E+00|          0|
 1|   1.203E+02|   0.0000000000000000E+00|   0.0000000000000000E+00|          0|
 1|   1.205E+02|   0.0000000000000000E+00|   0.0000000000000000E+00|          0|
 1|   1.208E+02|   0.0000000000000000E+00|   0.0000000000000000E+00|          0|
 1|   1.210E+02|   0.0000000000000000E+00|   0.0000000000000000E+00|          0|
 1|   1.213E+02|   0.0000000000000000E+00|   0.0000000000000000E+00|          0|
 1|   1.215E+02|   0.0000000000000000E+00|   0.0000000000000000E+00|          0|
 1|   1.218E+02|   0.0000000000000000E+00|   0.0000000000000000E+00|          0|
 1|   1.220E+02|   0.0000000000000000E+00|   0.0000000000000000E+00|          0|
 1|   1.223E+02|   0.0000000000000000E+00|   0.0000000000000000E+00|          0|
 1|   1.225E+02|   0.0000000000000000E+00|   0.0000000000000000E+00|          0|
 1|   1.228E+02|   0.0000000000000000E+00|   0.0000000000000000E+00|          0|
 1|   1.230E+02|   0.0000000000000000E+00|   0.0000000000000000E+00|          0|
 1|   1.233E+02|   0.0000000000000000E+00|   0.0000000000000000E+00|          0|
 1|   1.235E+02|   0.0000000000000000E+00|   0.0000000000000000E+00|          0|
 1|   1.238E+02|   0.0000000000000000E+00|   0.0000000000000000E+00|          0|
 1|   1.240E+02|   0.0000000000000000E+00|   0.0000000000000000E+00|          0|
 1|   1.243E+02|   0.0000000000000000E+00|   0.0000000000000000E+00|          0|
 1|   1.245E+02|   0.0000000000000000E+00|   0.0000000000000000E+00|          0|
 1|   1.248E+02|   1.4917293233082708E-02|   1.2700012700019050E-01|         62|
 1|   1.250E+02|   9.1428571428571435E-03|   1.6222142113076254E-01|         38|
 1|   1.253E+02|   0.0000000000000000E+00|   0.0000000000000000E+00|          0|
 1|   1.255E+02|   0.0000000000000000E+00|   0.0000000000000000E+00|          0|
 1|   1.258E+02|   0.0000000000000000E+00|   0.0000000000000000E+00|          0|
 1|   1.260E+02|   0.0000000000000000E+00|   0.0000000000000000E+00|          0|
 1|   1.263E+02|   0.0000000000000000E+00|   0.0000000000000000E+00|          0|
 1|   1.265E+02|   0.0000000000000000E+00|   0.0000000000000000E+00|          0|
 1|   1.268E+02|   0.0000000000000000E+00|   0.0000000000000000E+00|          0|
 1|   1.270E+02|   0.0000000000000000E+00|   0.0000000000000000E+00|          0|
 1|   1.273E+02|   0.0000000000000000E+00|   0.0000000000000000E+00|          0|
 1|   1.275E+02|   0.0000000000000000E+00|   0.0000000000000000E+00|          0|
 1|   1.278E+02|   0.0000000000000000E+00|   0.0000000000000000E+00|          0|
 1|   1.280E+02|   0.0000000000000000E+00|   0.0000000000000000E+00|          0|
 1|   1.282E+02|   0.0000000000000000E+00|   0.0000000000000000E+00|          0|
 1|   1.285E+02|   0.0000000000000000E+00|   0.0000000000000000E+00|          0|
 1|   1.288E+02|   0.0000000000000000E+00|   0.0000000000000000E+00|          0|
 1|   1.290E+02|   0.0000000000000000E+00|   0.0000000000000000E+00|          0|
 1|   1.292E+02|   0.0000000000000000E+00|   0.0000000000000000E+00|          0|
 1|   1.295E+02|   0.0000000000000000E+00|   0.0000000000000000E+00|          0|
 1|   1.298E+02|   0.0000000000000000E+00|   0.0000000000000000E+00|          0|
 1|   1.300E+02|   0.0000000000000000E+00|   0.0000000000000000E+00|          0|
 1|   1.302E+02|   0.0000000000000000E+00|   0.0000000000000000E+00|          0|
 1|   1.305E+02|   0.0000000000000000E+00|   0.0000000000000000E+00|          0|
 1|   1.308E+02|   0.0000000000000000E+00|   0.0000000000000000E+00|          0|
 1|   1.310E+02|   0.0000000000000000E+00|   0.0000000000000000E+00|          0|
 1|   1.312E+02|   0.0000000000000000E+00|   0.0000000000000000E+00|          0|
 1|   1.315E+02|   0.0000000000000000E+00|   0.0000000000000000E+00|          0|
 1|   1.318E+02|   0.0000000000000000E+00|   0.0000000000000000E+00|          0|
 1|   1.320E+02|   0.0000000000000000E+00|   0.0000000000000000E+00|          0|
 1|   1.322E+02|   0.0000000000000000E+00|   0.0000000000000000E+00|          0|
 1|   1.325E+02|   0.0000000000000000E+00|   0.0000000000000000E+00|          0|
 1|   1.328E+02|   0.0000000000000000E+00|   0.0000000000000000E+00|          0|
 1|   1.330E+02|   0.0000000000000000E+00|   0.0000000000000000E+00|          0|
 1|   1.332E+02|   0.0000000000000000E+00|   0.0000000000000000E+00|          0|
 1|   1.335E+02|   0.0000000000000000E+00|   0.0000000000000000E+00|          0|
 1|   1.338E+02|   0.0000000000000000E+00|   0.0000000000000000E+00|          0|
 1|   1.340E+02|   0.0000000000000000E+00|   0.0000000000000000E+00|          0|
 1|   1.342E+02|   0.0000000000000000E+00|   0.0000000000000000E+00|          0|
 1|   1.345E+02|   0.0000000000000000E+00|   0.0000000000000000E+00|          0|
 1|   1.348E+02|   0.0000000000000000E+00|   0.0000000000000000E+00|          0|
# integrated result:   1.0000000000000000E+02
#
# Histogram 2: m(ll)                                             
 2|   7.500E+01|   0.0000000000000000E+00|   0.0000000000000000E+00|          0|
 2|   7.525E+01|   0.0000000000000000E+00|   0.0000000000000000E+00|          0|
 2|   7.550E+01|   0.0000000000000000E+00|   0.0000000000000000E+00|          0|
 2|   7.575E+01|   0.0000000000000000E+00|   0.0000000000000000E+00|          0|
 2|   7.600E+01|   0.0000000000000000E+00|   0.0000000000000000E+00|          0|
 2|   7.625E+01|   0.0000000000000000E+00|   0.0000000000000000E+00|          0|
 2|   7.650E+01|   0.0000000000000000E+00|   0.0000000000000000E+00|          0|
 2|   7.675E+01|   0.0000000000000000E+00|   0.0000000000000000E+00|          0|
 2|   7.700E+01|   0.0000000000000000E+00|   0.0000000000000000E+00|          0|
 2|   7.725E+01|   0.0000000000000000E+00|   0.0000000000000000E+00|          0|
 2|   7.750E+01|   0.0000000000000000E+00|   0.0000000000000000E+00|          0|
 2|   7.775E+01|   0.0000000000000000E+00|   0.0000000000000000E+00|          0|
 2|   7.800E+01|   0.0000000000000000E+00|   0.0000000000000000E+00|          0|
 2|   7.825E+01|   0.0000000000000000E+00|   0.0000000000000000E+00|          0|
 2|   7.850E+01|   0.0000000000000000E+00|   0.0000000000000000E+00|          0|
 2|   7.875E+01|   0.0000000000000000E+00|   0.0000000000000000E+00|          0|
 2|   7.900E+01|   2.4060150375939849E-04|   1.0000000000000000E+00|          1|
 2|   7.925E+01|   0.0000000000000000E+00|   0.0000000000000000E+00|          0|
 2|   7.950E+01|   0.0000000000000000E+00|   0.0000000000000000E+00|          0|
 2|   7.975E+01|   2.4060150375939849E-04|   1.0000000000000000E+00|          1|
 2|   8.000E+01|   0.0000000000000000E+00|   0.0000000000000000E+00|          0|
 2|   8.025E+01|   0.0000000000000000E+00|   0.0000000000000000E+00|          0|
 2|   8.050E+01|   0.0000000000000000E+00|   0.0000000000000000E+00|          0|
 2|   8.075E+01|   0.0000000000000000E+00|   0.0000000000000000E+00|          0|
 2|   8.100E+01|   0.0000000000000000E+00|   0.0000000000000000E+00|          0|
 2|   8.125E+01|   0.0000000000000000E+00|   0.0000000000000000E+00|          0|
 2|   8.150E+01|   0.0000000000000000E+00|   0.0000000000000000E+00|          0|
 2|   8.175E+01|   0.0000000000000000E+00|   0.0000000000000000E+00|          0|
 2|   8.200E+01|   0.0000000000000000E+00|   0.0000000000000000E+00|          0|
 2|   8.225E+01|   2.4060150375939849E-04|   1.0000000000000000E+00|          1|
 2|   8.250E+01|   0.0000000000000000E+00|   0.0000000000000000E+00|          0|
 2|   8.275E+01|   0.0000000000000000E+00|   0.0000000000000000E+00|          0|
 2|   8.300E+01|   0.0000000000000000E+00|   0.0000000000000000E+00|          0|
 2|   8.325E+01|   0.0000000000000000E+00|   0.0000000000000000E+00|          0|
 2|   8.350E+01|   0.0000000000000000E+00|   0.0000000000000000E+00|          0|
 2|   8.375E+01|   2.4060150375939849E-04|   1.0000000000000000E+00|          1|
 2|   8.400E+01|   0.0000000000000000E+00|   0.0000000000000000E+00|          0|
 2|   8.425E+01|   2.4060150375939849E-04|   1.0000000000000000E+00|          1|
 2|   8.450E+01|   0.0000000000000000E+00|   0.0000000000000000E+00|          0|
 2|   8.475E+01|   2.4060150375939849E-04|   1.0000000000000000E+00|          1|
 2|   8.500E+01|   0.0000000000000000E+00|   0.0000000000000000E+00|          0|
 2|   8.525E+01|   2.4060150375939849E-04|   1.0000000000000000E+00|          1|
 2|   8.550E+01|   2.4060150375939849E-04|   1.0000000000000000E+00|          1|
 2|   8.575E+01|   0.0000000000000000E+00|   0.0000000000000000E+00|          0|
 2|   8.600E+01|   2.4060150375939849E-04|   1.0000000000000000E+00|          1|
 2|   8.625E+01|   0.0000000000000000E+00|   0.0000000000000000E+00|          0|
 2|   8.650E+01|   2.4060150375939849E-04|   1.0000000000000000E+00|          1|
 2|   8.675E+01|   4.8120300751879698E-04|   7.0710678118654746E-01|          2|
 2|   8.700E+01|   2.4060150375939849E-04|   1.0000000000000000E+00|          1|
 2|   8.725E+01|   2.4060150375939849E-04|   1.0000000000000000E+00|          1|
 2|   8.750E+01|   0.0000000000000000E+00|   0.0000000000000000E+00|          0|
 2|   8.775E+01|   2.4060150375939849E-04|   1.0000000000000000E+00|          1|
 2|   8.800E+01|   0.0000000000000000E+00|   0.0000000000000000E+00|          0|
 2|   8.825E+01|   0.0000000000000000E+00|   0.0000000000000000E+00|          0|
 2|   8.850E+01|   7.2180451127819550E-04|   5.7735026918962584E-01|          3|
 2|   8.875E+01|   4.8120300751879698E-04|   7.0710678118654746E-01|          2|
 2|   8.900E+01|   0.0000000000000000E+00|   0.0000000000000000E+00|          0|
 2|   8.925E+01|   7.2180451127819550E-04|   5.7735026918962584E-01|          3|
 2|   8.950E+01|   0.0000000000000000E+00|   0.0000000000000000E+00|          0|
 2|   8.975E+01|   7.2180451127819550E-04|   5.7735026918962584E-01|          3|
 2|   9.000E+01|   7.2180451127819550E-04|   5.7735026918962584E-01|          3|
 2|   9.025E+01|   1.6842105263157896E-03|   3.7796447300922720E-01|          7|
 2|   9.050E+01|   1.2030075187969924E-03|   4.4721359549995793E-01|          5|
 2|   9.075E+01|   9.6240601503759396E-04|   5.0000000000000000E-01|          4|
 2|   9.100E+01|   9.6240601503759396E-04|   5.0000000000000000E-01|          4|
 2|   9.125E+01|   1.6842105263157896E-03|   3.7796447300922720E-01|          7|
 2|   9.150E+01|   1.4436090225563910E-03|   4.0824829046386307E-01|          6|
 2|   9.175E+01|   1.2030075187969924E-03|   4.4721359549995793E-01|          5|
 2|   9.200E+01|   1.4436090225563910E-03|   4.0824829046386307E-01|          6|
 2|   9.225E+01|   7.2180451127819550E-04|   5.7735026918962584E-01|          3|
 2|   9.250E+01|   4.8120300751879698E-04|   7.0710678118654746E-01|          2|
 2|   9.275E+01|   4.8120300751879698E-04|   7.0710678118654746E-01|          2|
 2|   9.300E+01|   4.8120300751879698E-04|   7.0710678118654746E-01|          2|
 2|   9.325E+01|   2.4060150375939849E-04|   1.0000000000000000E+00|          1|
 2|   9.350E+01|   7.2180451127819550E-04|   5.7735026918962584E-01|          3|
 2|   9.375E+01|   0.0000000000000000E+00|   0.0000000000000000E+00|          0|
 2|   9.400E+01|   0.0000000000000000E+00|   0.0000000000000000E+00|          0|
 2|   9.425E+01|   2.4060150375939849E-04|   1.0000000000000000E+00|          1|
 2|   9.450E+01|   0.0000000000000000E+00|   0.0000000000000000E+00|          0|
 2|   9.475E+01|   2.4060150375939849E-04|   1.0000000000000000E+00|          1|
# integrated result:   1.0000000000000000E+02
#
# Histogram 3: pt(V)                                             
 3|   0.000E+00|   0.0000000000000000E+00|   0.0000000000000000E+00|          0|
 3|   3.750E+00|   0.0000000000000000E+00|   0.0000000000000000E+00|          0|
 3|   7.500E+00|   0.0000000000000000E+00|   0.0000000000000000E+00|          0|
 3|   1.125E+01|   0.0000000000000000E+00|   0.0000000000000000E+00|          0|
 3|   1.500E+01|   1.6040100250626565E-05|   1.0000000000000000E+00|          1|
 3|   1.875E+01|   0.0000000000000000E+00|   0.0000000000000000E+00|          0|
 3|   2.250E+01|   0.0000000000000000E+00|   0.0000000000000000E+00|          0|
 3|   2.625E+01|   1.6040100250626565E-05|   1.0000000000000000E+00|          1|
 3|   3.000E+01|   1.6040100250626565E-05|   1.0000000000000000E+00|          1|
 3|   3.375E+01|   1.6040100250626565E-05|   1.0000000000000000E+00|          1|
 3|   3.750E+01|   3.2080200501253131E-05|   7.0710678118654746E-01|          2|
 3|   4.125E+01|   1.6040100250626565E-05|   1.0000000000000000E+00|          1|
 3|   4.500E+01|   0.0000000000000000E+00|   0.0000000000000000E+00|          0|
 3|   4.875E+01|   1.6040100250626565E-05|   1.0000000000000000E+00|          1|
 3|   5.250E+01|   3.2080200501253131E-05|   7.0710678118654746E-01|          2|
 3|   5.625E+01|   1.6040100250626565E-05|   1.0000000000000000E+00|          1|
 3|   6.000E+01|   3.2080200501253131E-05|   7.0710678118654746E-01|          2|
 3|   6.375E+01|   3.2080200501253131E-05|   7.0710678118654746E-01|          2|
 3|   6.750E+01|   3.2080200501253131E-05|   7.0710678118654746E-01|          2|
 3|   7.125E+01|   4.8120300751879699E-05|   5.7735026918962584E-01|          3|
 3|   7.500E+01|   4.8120300751879699E-05|   5.7735026918962584E-01|          3|
 3|   7.875E+01|   1.6040100250626565E-05|   1.0000000000000000E+00|          1|
 3|   8.250E+01|   4.8120300751879699E-05|   5.7735026918962584E-01|          3|
 3|   8.625E+01|   1.6040100250626565E-05|   1.0000000000000000E+00|          1|
 3|   9.000E+01|   0.0000000000000000E+00|   0.0000000000000000E+00|          0|
 3|   9.375E+01|   1.6040100250626565E-05|   1.0000000000000000E+00|          1|
 3|   9.750E+01|   4.8120300751879699E-05|   5.7735026918962584E-01|          3|
 3|   1.012E+02|   3.2080200501253131E-05|   7.0710678118654746E-01|          2|
 3|   1.050E+02|   3.2080200501253131E-05|   7.0710678118654746E-01|          2|
 3|   1.088E+02|   8.0200501253132830E-05|   4.4721359549995793E-01|          5|
 3|   1.125E+02|   1.6040100250626565E-05|   1.0000000000000000E+00|          1|
 3|   1.162E+02|   8.0200501253132830E-05|   4.4721359549995793E-01|          5|
 3|   1.200E+02|   8.0200501253132830E-05|   4.4721359549995793E-01|          5|
 3|   1.238E+02|   9.6240601503759399E-05|   4.0824829046386307E-01|          6|
 3|   1.275E+02|   3.2080200501253131E-05|   7.0710678118654746E-01|          2|
 3|   1.312E+02|   1.6040100250626565E-05|   1.0000000000000000E+00|          1|
 3|   1.350E+02|   4.8120300751879699E-05|   5.7735026918962584E-01|          3|
 3|   1.388E+02|   1.6040100250626565E-05|   1.0000000000000000E+00|          1|
 3|   1.425E+02|   1.6040100250626565E-05|   1.0000000000000000E+00|          1|
 3|   1.462E+02|   4.8120300751879699E-05|   5.7735026918962584E-01|          3|
 3|   1.500E+02|   8.0200501253132830E-05|   4.4721359549995793E-01|          5|
 3|   1.538E+02|   8.0200501253132830E-05|   4.4721359549995793E-01|          5|
 3|   1.575E+02|   1.6040100250626565E-05|   1.0000000000000000E+00|          1|
 3|   1.612E+02|   6.4160401002506261E-05|   5.0000000000000000E-01|          4|
 3|   1.650E+02|   0.0000000000000000E+00|   0.0000000000000000E+00|          0|
 3|   1.688E+02|   3.2080200501253131E-05|   7.0710678118654746E-01|          2|
 3|   1.725E+02|   1.6040100250626565E-05|   1.0000000000000000E+00|          1|
 3|   1.762E+02|   1.6040100250626565E-05|   1.0000000000000000E+00|          1|
 3|   1.800E+02|   0.0000000000000000E+00|   0.0000000000000000E+00|          0|
 3|   1.838E+02|   0.0000000000000000E+00|   0.0000000000000000E+00|          0|
 3|   1.875E+02|   0.0000000000000000E+00|   0.0000000000000000E+00|          0|
 3|   1.912E+02|   0.0000000000000000E+00|   0.0000000000000000E+00|          0|
 3|   1.950E+02|   1.6040100250626565E-05|   1.0000000000000000E+00|          1|
 3|   1.988E+02|   0.0000000000000000E+00|   0.0000000000000000E+00|          0|
 3|   2.025E+02|   0.0000000000000000E+00|   0.0000000000000000E+00|          0|
 3|   2.062E+02|   0.0000000000000000E+00|   0.0000000000000000E+00|          0|
 3|   2.100E+02|   0.0000000000000000E+00|   0.0000000000000000E+00|          0|
 3|   2.138E+02|   3.2080200501253131E-05|   7.0710678118654746E-01|          2|
 3|   2.175E+02|   1.6040100250626565E-05|   1.0000000000000000E+00|          1|
 3|   2.212E+02|   0.0000000000000000E+00|   0.0000000000000000E+00|          0|
 3|   2.250E+02|   6.4160401002506261E-05|   5.0000000000000000E-01|          4|
 3|   2.288E+02|   0.0000000000000000E+00|   0.0000000000000000E+00|          0|
 3|   2.325E+02|   0.0000000000000000E+00|   0.0000000000000000E+00|          0|
 3|   2.362E+02|   0.0000000000000000E+00|   0.0000000000000000E+00|          0|
 3|   2.400E+02|   0.0000000000000000E+00|   0.0000000000000000E+00|          0|
 3|   2.438E+02|   0.0000000000000000E+00|   0.0000000000000000E+00|          0|
 3|   2.475E+02|   0.0000000000000000E+00|   0.0000000000000000E+00|          0|
 3|   2.512E+02|   0.0000000000000000E+00|   0.0000000000000000E+00|          0|
 3|   2.550E+02|   0.0000000000000000E+00|   0.0000000000000000E+00|          0|
 3|   2.588E+02|   0.0000000000000000E+00|   0.0000000000000000E+00|          0|
 3|   2.625E+02|   0.0000000000000000E+00|   0.0000000000000000E+00|          0|
 3|   2.662E+02|   0.0000000000000000E+00|   0.0000000000000000E+00|          0|
 3|   2.700E+02|   0.0000000000000000E+00|   0.0000000000000000E+00|          0|
 3|   2.738E+02|   0.0000000000000000E+00|   0.0000000000000000E+00|          0|
 3|   2.775E+02|   1.6040100250626565E-05|   1.0000000000000000E+00|          1|
 3|   2.812E+02|   0.0000000000000000E+00|   0.0000000000000000E+00|          0|
 3|   2.850E+02|   1.6040100250626565E-05|   1.0000000000000000E+00|          1|
 3|   2.888E+02|   0.0000000000000000E+00|   0.0000000000000000E+00|          0|
 3|   2.925E+02|   0.0000000000000000E+00|   0.0000000000000000E+00|          0|
 3|   2.962E+02|   0.0000000000000000E+00|   0.0000000000000000E+00|          0|
# integrated result:   1.0000000000000000E+02
#
# Histogram 4: pt(H)                                             
 4|   0.000E+00|   0.0000000000000000E+00|   0.0000000000000000E+00|          0|
 4|   5.000E+00|   0.0000000000000000E+00|   0.0000000000000000E+00|          0|
 4|   1.000E+01|   0.0000000000000000E+00|   0.0000000000000000E+00|          0|
 4|   1.500E+01|   1.2030075187969925E-05|   1.0000000000000000E+00|          1|
 4|   2.000E+01|   0.0000000000000000E+00|   0.0000000000000000E+00|          0|
 4|   2.500E+01|   1.2030075187969925E-05|   1.0000000000000000E+00|          1|
 4|   3.000E+01|   1.2030075187969925E-05|   1.0000000000000000E+00|          1|
 4|   3.500E+01|   3.6090225563909776E-05|   5.7735026918962584E-01|          3|
 4|   4.000E+01|   1.2030075187969925E-05|   1.0000000000000000E+00|          1|
 4|   4.500E+01|   0.0000000000000000E+00|   0.0000000000000000E+00|          0|
 4|   5.000E+01|   2.4060150375939850E-05|   7.0710678118654746E-01|          2|
 4|   5.500E+01|   2.4060150375939850E-05|   7.0710678118654746E-01|          2|
 4|   6.000E+01|   3.6090225563909776E-05|   5.7735026918962584E-01|          3|
 4|   6.500E+01|   3.6090225563909776E-05|   5.7735026918962584E-01|          3|
 4|   7.000E+01|   3.6090225563909776E-05|   5.7735026918962584E-01|          3|
 4|   7.500E+01|   3.6090225563909776E-05|   5.7735026918962584E-01|          3|
 4|   8.000E+01|   4.8120300751879699E-05|   5.0000000000000000E-01|          4|
 4|   8.500E+01|   1.2030075187969925E-05|   1.0000000000000000E+00|          1|
 4|   9.000E+01|   0.0000000000000000E+00|   0.0000000000000000E+00|          0|
 4|   9.500E+01|   2.4060150375939850E-05|   7.0710678118654746E-01|          2|
 4|   1.000E+02|   4.8120300751879699E-05|   5.0000000000000000E-01|          4|
 4|   1.050E+02|   6.0150375939849623E-05|   4.4721359549995793E-01|          5|
 4|   1.100E+02|   3.6090225563909776E-05|   5.7735026918962584E-01|          3|
 4|   1.150E+02|   6.0150375939849623E-05|   4.4721359549995793E-01|          5|
 4|   1.200E+02|   7.2180451127819552E-05|   4.0824829046386307E-01|          6|
 4|   1.250E+02|   8.4210526315789462E-05|   3.7796447300922720E-01|          7|
 4|   1.300E+02|   1.2030075187969925E-05|   1.0000000000000000E+00|          1|
 4|   1.350E+02|   3.6090225563909776E-05|   5.7735026918962584E-01|          3|
 4|   1.400E+02|   1.2030075187969925E-05|   1.0000000000000000E+00|          1|
 4|   1.450E+02|   4.8120300751879699E-05|   5.0000000000000000E-01|          4|
 4|   1.500E+02|   9.6240601503759399E-05|   3.5355339059327373E-01|          8|
 4|   1.550E+02|   3.6090225563909776E-05|   5.7735026918962584E-01|          3|
 4|   1.600E+02|   4.8120300751879699E-05|   5.0000000000000000E-01|          4|
 4|   1.650E+02|   2.4060150375939850E-05|   7.0710678118654746E-01|          2|
 4|   1.700E+02|   1.2030075187969925E-05|   1.0000000000000000E+00|          1|
 4|   1.750E+02|   1.2030075187969925E-05|   1.0000000000000000E+00|          1|
 4|   1.800E+02|   0.0000000000000000E+00|   0.0000000000000000E+00|          0|
 4|   1.850E+02|   0.0000000000000000E+00|   0.0000000000000000E+00|          0|
 4|   1.900E+02|   0.0000000000000000E+00|   0.0000000000000000E+00|          0|
 4|   1.950E+02|   1.2030075187969925E-05|   1.0000000000000000E+00|          1|
 4|   2.000E+02|   0.0000000000000000E+00|   0.0000000000000000E+00|          0|
 4|   2.050E+02|   0.0000000000000000E+00|   0.0000000000000000E+00|          0|
 4|   2.100E+02|   0.0000000000000000E+00|   0.0000000000000000E+00|          0|
 4|   2.150E+02|   3.6090225563909776E-05|   5.7735026918962584E-01|          3|
 4|   2.200E+02|   0.0000000000000000E+00|   0.0000000000000000E+00|          0|
 4|   2.250E+02|   4.8120300751879699E-05|   5.0000000000000000E-01|          4|
 4|   2.300E+02|   0.0000000000000000E+00|   0.0000000000000000E+00|          0|
 4|   2.350E+02|   0.0000000000000000E+00|   0.0000000000000000E+00|          0|
 4|   2.400E+02|   0.0000000000000000E+00|   0.0000000000000000E+00|          0|
 4|   2.450E+02|   0.0000000000000000E+00|   0.0000000000000000E+00|          0|
 4|   2.500E+02|   0.0000000000000000E+00|   0.0000000000000000E+00|          0|
 4|   2.550E+02|   0.0000000000000000E+00|   0.0000000000000000E+00|          0|
 4|   2.600E+02|   0.0000000000000000E+00|   0.0000000000000000E+00|          0|
 4|   2.650E+02|   0.0000000000000000E+00|   0.0000000000000000E+00|          0|
 4|   2.700E+02|   0.0000000000000000E+00|   0.0000000000000000E+00|          0|
 4|   2.750E+02|   0.0000000000000000E+00|   0.0000000000000000E+00|          0|
 4|   2.800E+02|   1.2030075187969925E-05|   1.0000000000000000E+00|          1|
 4|   2.850E+02|   1.2030075187969925E-05|   1.0000000000000000E+00|          1|
 4|   2.900E+02|   0.0000000000000000E+00|   0.0000000000000000E+00|          0|
 4|   2.950E+02|   0.0000000000000000E+00|   0.0000000000000000E+00|          0|
 4|   3.000E+02|   0.0000000000000000E+00|   0.0000000000000000E+00|          0|
 4|   3.050E+02|   0.0000000000000000E+00|   0.0000000000000000E+00|          0|
 4|   3.100E+02|   1.2030075187969925E-05|   1.0000000000000000E+00|          1|
 4|   3.150E+02|   1.2030075187969925E-05|   1.0000000000000000E+00|          1|
 4|   3.200E+02|   0.0000000000000000E+00|   0.0000000000000000E+00|          0|
 4|   3.250E+02|   0.0000000000000000E+00|   0.0000000000000000E+00|          0|
 4|   3.300E+02|   0.0000000000000000E+00|   0.0000000000000000E+00|          0|
 4|   3.350E+02|   0.0000000000000000E+00|   0.0000000000000000E+00|          0|
 4|   3.400E+02|   0.0000000000000000E+00|   0.0000000000000000E+00|          0|
 4|   3.450E+02|   0.0000000000000000E+00|   0.0000000000000000E+00|          0|
 4|   3.500E+02|   0.0000000000000000E+00|   0.0000000000000000E+00|          0|
 4|   3.550E+02|   0.0000000000000000E+00|   0.0000000000000000E+00|          0|
 4|   3.600E+02|   0.0000000000000000E+00|   0.0000000000000000E+00|          0|
 4|   3.650E+02|   0.0000000000000000E+00|   0.0000000000000000E+00|          0|
 4|   3.700E+02|   0.0000000000000000E+00|   0.0000000000000000E+00|          0|
 4|   3.750E+02|   0.0000000000000000E+00|   0.0000000000000000E+00|          0|
 4|   3.800E+02|   0.0000000000000000E+00|   0.0000000000000000E+00|          0|
 4|   3.850E+02|   0.0000000000000000E+00|   0.0000000000000000E+00|          0|
 4|   3.900E+02|   0.0000000000000000E+00|   0.0000000000000000E+00|          0|
 4|   3.950E+02|   0.0000000000000000E+00|   0.0000000000000000E+00|          0|
 4|   4.000E+02|   0.0000000000000000E+00|   0.0000000000000000E+00|          0|
 4|   4.050E+02|   0.0000000000000000E+00|   0.0000000000000000E+00|          0|
 4|   4.100E+02|   0.0000000000000000E+00|   0.0000000000000000E+00|          0|
 4|   4.150E+02|   0.0000000000000000E+00|   0.0000000000000000E+00|          0|
 4|   4.200E+02|   0.0000000000000000E+00|   0.0000000000000000E+00|          0|
 4|   4.250E+02|   0.0000000000000000E+00|   0.0000000000000000E+00|          0|
 4|   4.300E+02|   0.0000000000000000E+00|   0.0000000000000000E+00|          0|
 4|   4.350E+02|   0.0000000000000000E+00|   0.0000000000000000E+00|          0|
 4|   4.400E+02|   0.0000000000000000E+00|   0.0000000000000000E+00|          0|
 4|   4.450E+02|   0.0000000000000000E+00|   0.0000000000000000E+00|          0|
 4|   4.500E+02|   0.0000000000000000E+00|   0.0000000000000000E+00|          0|
 4|   4.550E+02|   0.0000000000000000E+00|   0.0000000000000000E+00|          0|
 4|   4.600E+02|   0.0000000000000000E+00|   0.0000000000000000E+00|          0|
 4|   4.650E+02|   0.0000000000000000E+00|   0.0000000000000000E+00|          0|
 4|   4.700E+02|   0.0000000000000000E+00|   0.0000000000000000E+00|          0|
 4|   4.750E+02|   0.0000000000000000E+00|   0.0000000000000000E+00|          0|
 4|   4.800E+02|   0.0000000000000000E+00|   0.0000000000000000E+00|          0|
 4|   4.850E+02|   0.0000000000000000E+00|   0.0000000000000000E+00|          0|
 4|   4.900E+02|   0.0000000000000000E+00|   0.0000000000000000E+00|          0|
 4|   4.950E+02|   0.0000000000000000E+00|   0.0000000000000000E+00|          0|
# integrated result:   1.0000000000000000E+02
#
# Histogram 5: m(V*)                                             
 5|   2.000E+02|   0.0000000000000000E+00|   0.0000000000000000E+00|          0|
 5|   2.125E+02|   4.8120300751879699E-06|   1.0000000000000000E+00|          1|
 5|   2.250E+02|   0.0000000000000000E+00|   0.0000000000000000E+00|          0|
 5|   2.375E+02|   4.8120300751879699E-06|   1.0000000000000000E+00|          1|
 5|   2.500E+02|   0.0000000000000000E+00|   0.0000000000000000E+00|          0|
 5|   2.625E+02|   2.4060150375939850E-05|   4.4721359549995793E-01|          5|
 5|   2.750E+02|   9.6240601503759399E-06|   7.0710678118654746E-01|          2|
 5|   2.875E+02|   1.9248120300751880E-05|   5.0000000000000000E-01|          4|
 5|   3.000E+02|   3.3684210526315793E-05|   3.7796447300922720E-01|          7|
 5|   3.125E+02|   9.6240601503759399E-06|   7.0710678118654746E-01|          2|
 5|   3.250E+02|   2.8872180451127820E-05|   4.0824829046386307E-01|          6|
 5|   3.375E+02|   2.8872180451127820E-05|   4.0824829046386307E-01|          6|
 5|   3.500E+02|   5.2932330827067673E-05|   3.0151134457776363E-01|         11|
 5|   3.625E+02|   4.3308270676691726E-05|   3.3333333333333331E-01|          9|
 5|   3.750E+02|   3.8496240601503759E-05|   3.5355339059327373E-01|          8|
 5|   3.875E+02|   9.6240601503759399E-06|   7.0710678118654746E-01|          2|
 5|   4.000E+02|   1.9248120300751880E-05|   5.0000000000000000E-01|          4|
 5|   4.125E+02|   1.9248120300751880E-05|   5.0000000000000000E-01|          4|
 5|   4.250E+02|   9.6240601503759399E-06|   7.0710678118654746E-01|          2|
 5|   4.375E+02|   2.4060150375939850E-05|   4.4721359549995793E-01|          5|
 5|   4.500E+02|   1.4436090225563910E-05|   5.7735026918962584E-01|          3|
 5|   4.625E+02|   9.6240601503759399E-06|   7.0710678118654746E-01|          2|
 5|   4.750E+02|   9.6240601503759399E-06|   7.0710678118654746E-01|          2|
 5|   4.875E+02|   9.6240601503759399E-06|   7.0710678118654746E-01|          2|
 5|   5.000E+02|   1.9248120300751880E-05|   5.0000000000000000E-01|          4|
 5|   5.125E+02|   4.8120300751879699E-06|   1.0000000000000000E+00|          1|
 5|   5.250E+02|   0.0000000000000000E+00|   0.0000000000000000E+00|          0|
 5|   5.375E+02|   0.0000000000000000E+00|   0.0000000000000000E+00|          0|
 5|   5.500E+02|   4.8120300751879699E-06|   1.0000000000000000E+00|          1|
 5|   5.625E+02|   4.8120300751879699E-06|   1.0000000000000000E+00|          1|
 5|   5.750E+02|   4.8120300751879699E-06|   1.0000000000000000E+00|          1|
 5|   5.875E+02|   0.0000000000000000E+00|   0.0000000000000000E+00|          0|
 5|   6.000E+02|   4.8120300751879699E-06|   1.0000000000000000E+00|          1|
 5|   6.125E+02|   0.0000000000000000E+00|   0.0000000000000000E+00|          0|
 5|   6.250E+02|   0.0000000000000000E+00|   0.0000000000000000E+00|          0|
 5|   6.375E+02|   4.8120300751879699E-06|   1.0000000000000000E+00|          1|
 5|   6.500E+02|   0.0000000000000000E+00|   0.0000000000000000E+00|          0|
 5|   6.625E+02|   0.0000000000000000E+00|   0.0000000000000000E+00|          0|
 5|   6.750E+02|   0.0000000000000000E+00|   0.0000000000000000E+00|          0|
 5|   6.875E+02|   0.0000000000000000E+00|   0.0000000000000000E+00|          0|
 5|   7.000E+02|   0.0000000000000000E+00|   0.0000000000000000E+00|          0|
 5|   7.125E+02|   0.0000000000000000E+00|   0.0000000000000000E+00|          0|
 5|   7.250E+02|   0.0000000000000000E+00|   0.0000000000000000E+00|          0|
 5|   7.375E+02|   0.0000000000000000E+00|   0.0000000000000000E+00|          0|
 5|   7.500E+02|   0.0000000000000000E+00|   0.0000000000000000E+00|          0|
 5|   7.625E+02|   0.0000000000000000E+00|   0.0000000000000000E+00|          0|
 5|   7.750E+02|   0.0000000000000000E+00|   0.0000000000000000E+00|          0|
 5|   7.875E+02|   0.0000000000000000E+00|   0.0000000000000000E+00|          0|
 5|   8.000E+02|   4.8120300751879699E-06|   1.0000000000000000E+00|          1|
 5|   8.125E+02|   0.0000000000000000E+00|   0.0000000000000000E+00|          0|
 5|   8.250E+02|   0.0000000000000000E+00|   0.0000000000000000E+00|          0|
 5|   8.375E+02|   0.0000000000000000E+00|   0.0000000000000000E+00|          0|
 5|   8.500E+02|   0.0000000000000000E+00|   0.0000000000000000E+00|          0|
 5|   8.625E+02|   0.0000000000000000E+00|   0.0000000000000000E+00|          0|
 5|   8.750E+02|   0.0000000000000000E+00|   0.0000000000000000E+00|          0|
 5|   8.875E+02|   0.0000000000000000E+00|   0.0000000000000000E+00|          0|
 5|   9.000E+02|   0.0000000000000000E+00|   0.0000000000000000E+00|          0|
 5|   9.125E+02|   4.8120300751879699E-06|   1.0000000000000000E+00|          1|
 5|   9.250E+02|   0.0000000000000000E+00|   0.0000000000000000E+00|          0|
 5|   9.375E+02|   0.0000000000000000E+00|   0.0000000000000000E+00|          0|
 5|   9.500E+02|   0.0000000000000000E+00|   0.0000000000000000E+00|          0|
 5|   9.625E+02|   0.0000000000000000E+00|   0.0000000000000000E+00|          0|
 5|   9.750E+02|   0.0000000000000000E+00|   0.0000000000000000E+00|          0|
 5|   9.875E+02|   0.0000000000000000E+00|   0.0000000000000000E+00|          0|
 5|   1.000E+03|   0.0000000000000000E+00|   0.0000000000000000E+00|          0|
 5|   1.012E+03|   0.0000000000000000E+00|   0.0000000000000000E+00|          0|
 5|   1.025E+03|   0.0000000000000000E+00|   0.0000000000000000E+00|          0|
 5|   1.038E+03|   0.0000000000000000E+00|   0.0000000000000000E+00|          0|
 5|   1.050E+03|   0.0000000000000000E+00|   0.0000000000000000E+00|          0|
 5|   1.062E+03|   0.0000000000000000E+00|   0.0000000000000000E+00|          0|
 5|   1.075E+03|   0.0000000000000000E+00|   0.0000000000000000E+00|          0|
 5|   1.088E+03|   0.0000000000000000E+00|   0.0000000000000000E+00|          0|
 5|   1.100E+03|   0.0000000000000000E+00|   0.0000000000000000E+00|          0|
 5|   1.112E+03|   0.0000000000000000E+00|   0.0000000000000000E+00|          0|
 5|   1.125E+03|   0.0000000000000000E+00|   0.0000000000000000E+00|          0|
 5|   1.138E+03|   0.0000000000000000E+00|   0.0000000000000000E+00|          0|
 5|   1.150E+03|   0.0000000000000000E+00|   0.0000000000000000E+00|          0|
 5|   1.162E+03|   0.0000000000000000E+00|   0.0000000000000000E+00|          0|
 5|   1.175E+03|   0.0000000000000000E+00|   0.0000000000000000E+00|          0|
 5|   1.188E+03|   0.0000000000000000E+00|   0.0000000000000000E+00|          0|
# integrated result:   1.0000000000000000E+02
#
# Histogram 6: costheta1                                         
 6|  -1.000E+00|   0.0000000000000000E+00|   0.0000000000000000E+00|          0|
 6|  -9.750E-01|   9.6240601503759394E-03|   5.0000000000000000E-01|          4|
 6|  -9.500E-01|   2.4060150375939848E-03|   1.0000000000000000E+00|          1|
 6|  -9.250E-01|   7.2180451127819550E-03|   5.7735026918962584E-01|          3|
 6|  -9.000E-01|   2.4060150375939848E-03|   1.0000000000000000E+00|          1|
 6|  -8.750E-01|   0.0000000000000000E+00|   0.0000000000000000E+00|          0|
 6|  -8.500E-01|   0.0000000000000000E+00|   0.0000000000000000E+00|          0|
 6|  -8.250E-01|   2.4060150375939848E-03|   1.0000000000000000E+00|          1|
 6|  -8.000E-01|   0.0000000000000000E+00|   0.0000000000000000E+00|          0|
 6|  -7.750E-01|   2.4060150375939848E-03|   1.0000000000000000E+00|          1|
 6|  -7.500E-01|   0.0000000000000000E+00|   0.0000000000000000E+00|          0|
 6|  -7.250E-01|   2.4060150375939848E-03|   1.0000000000000000E+00|          1|
 6|  -7.000E-01|   2.4060150375939848E-03|   1.0000000000000000E+00|          1|
 6|  -6.750E-01|   4.8120300751879697E-03|   7.0710678118654746E-01|          2|
 6|  -6.500E-01|   4.8120300751879697E-03|   7.0710678118654746E-01|          2|
 6|  -6.250E-01|   2.4060150375939848E-03|   1.0000000000000000E+00|          1|
 6|  -6.000E-01|   1.4436090225563910E-02|   4.0824829046386307E-01|          6|
 6|  -5.750E-01|   4.8120300751879697E-03|   7.0710678118654746E-01|          2|
 6|  -5.500E-01|   9.6240601503759394E-03|   5.0000000000000000E-01|          4|
 6|  -5.250E-01|   2.4060150375939848E-03|   1.0000000000000000E+00|          1|
 6|  -5.000E-01|   0.0000000000000000E+00|   0.0000000000000000E+00|          0|
 6|  -4.750E-01|   2.4060150375939848E-03|   1.0000000000000000E+00|          1|
 6|  -4.500E-01|   4.8120300751879697E-03|   7.0710678118654746E-01|          2|
 6|  -4.250E-01|   2.4060150375939848E-03|   1.0000000000000000E+00|          1|
 6|  -4.000E-01|   4.8120300751879697E-03|   7.0710678118654746E-01|          2|
 6|  -3.750E-01|   2.4060150375939848E-03|   1.0000000000000000E+00|          1|
 6|  -3.500E-01|   7.2180451127819550E-03|   5.7735026918962584E-01|          3|
 6|  -3.250E-01|   0.0000000000000000E+00|   0.0000000000000000E+00|          0|
 6|  -3.000E-01|   7.2180451127819550E-03|   5.7735026918962584E-01|          3|
 6|  -2.750E-01|   2.4060150375939848E-03|   1.0000000000000000E+00|          1|
 6|  -2.500E-01|   2.4060150375939848E-03|   1.0000000000000000E+00|          1|
 6|  -2.250E-01|   0.0000000000000000E+00|   0.0000000000000000E+00|          0|
 6|  -2.000E-01|   7.2180451127819550E-03|   5.7735026918962584E-01|          3|
 6|  -1.750E-01|   0.0000000000000000E+00|   0.0000000000000000E+00|          0|
 6|  -1.500E-01|   2.4060150375939848E-03|   1.0000000000000000E+00|          1|
 6|  -1.250E-01|   0.0000000000000000E+00|   0.0000000000000000E+00|          0|
 6|  -1.000E-01|   0.0000000000000000E+00|   0.0000000000000000E+00|          0|
 6|  -7.500E-02|   2.4060150375939848E-03|   1.0000000000000000E+00|          1|
 6|  -5.000E-02|   2.4060150375939848E-03|   1.0000000000000000E+00|          1|
 6|  -2.500E-02|   2.4060150375939848E-03|   1.0000000000000000E+00|          1|
 6|   0.000E+00|   0.0000000000000000E+00|   0.0000000000000000E+00|          0|
 6|   2.500E-02|   4.8120300751879697E-03|   7.0710678118654746E-01|          2|
 6|   5.000E-02|   4.8120300751879697E-03|   7.0710678118654746E-01|          2|
 6|   7.500E-02|   4.8120300751879697E-03|   7.0710678118654746E-01|          2|
 6|   1.000E-01|   2.4060150375939848E-03|   1.0000000000000000E+00|          1|
 6|   1.250E-01|   0.0000000000000000E+00|   0.0000000000000000E+00|          0|
 6|   1.500E-01|   2.4060150375939848E-03|   1.0000000000000000E+00|          1|
 6|   1.750E-01|   2.4060150375939848E-03|   1.0000000000000000E+00|          1|
 6|   2.000E-01|   2.4060150375939848E-03|   1.0000000000000000E+00|          1|
 6|   2.250E-01|   0.0000000000000000E+00|   0.0000000000000000E+00|          0|
 6|   2.500E-01|   0.0000000000000000E+00|   0.0000000000000000E+00|          0|
 6|   2.750E-01|   4.8120300751879697E-03|   7.0710678118654746E-01|          2|
 6|   3.000E-01|   0.0000000000000000E+00|   0.0000000000000000E+00|          0|
 6|   3.250E-01|   0.0000000000000000E+00|   0.0000000000000000E+00|          0|
 6|   3.500E-01|   4.8120300751879697E-03|   7.0710678118654746E-01|          2|
 6|   3.750E-01|   0.0000000000000000E+00|   0.0000000000000000E+00|          0|
 6|   4.000E-01|   7.2180451127819550E-03|   5.7735026918962584E-01|          3|
 6|   4.250E-01|   0.0000000000000000E+00|   0.0000000000000000E+00|          0|
 6|   4.500E-01|   2.4060150375939848E-03|   1.0000000000000000E+00|          1|
 6|   4.750E-01|   0.0000000000000000E+00|   0.0000000000000000E+00|          0|
 6|   5.000E-01|   4.8120300751879697E-03|   7.0710678118654746E-01|          2|
 6|   5.250E-01|   4.8120300751879697E-03|   7.0710678118654746E-01|          2|
 6|   5.500E-01|   7.2180451127819550E-03|   5.7735026918962584E-01|          3|
 6|   5.750E-01|   2.4060150375939848E-03|   1.0000000000000000E+00|          1|
 6|   6.000E-01|   4.8120300751879697E-03|   7.0710678118654746E-01|          2|
 6|   6.250E-01|   4.8120300751879697E-03|   7.0710678118654746E-01|          2|
 6|   6.500E-01|   4.8120300751879697E-03|   7.0710678118654746E-01|          2|
 6|   6.750E-01|   4.8120300751879697E-03|   7.0710678118654746E-01|          2|
 6|   7.000E-01|   2.4060150375939848E-03|   1.0000000000000000E+00|          1|
 6|   7.250E-01|   2.4060150375939848E-03|   1.0000000000000000E+00|          1|
 6|   7.500E-01|   4.8120300751879697E-03|   7.0710678118654746E-01|          2|
 6|   7.750E-01|   0.0000000000000000E+00|   0.0000000000000000E+00|          0|
 6|   8.000E-01|   7.2180451127819550E-03|   5.7735026918962584E-01|          3|
 6|   8.250E-01|   0.0000000000000000E+00|   0.0000000000000000E+00|          0|
 6|   8.500E-01|   7.2180451127819550E-03|   5.7735026918962584E-01|          3|
 6|   8.750E-01|   2.4060150375939848E-03|   1.0000000000000000E+00|          1|
 6|   9.000E-01|   0.0000000000000000E+00|   0.0000000000000000E+00|          0|
 6|   9.250E-01|   0.0000000000000000E+00|   0.0000000000000000E+00|          0|
 6|   9.500E-01|   4.8120300751879697E-03|   7.0710678118654746E-01|          2|
 6|   9.750E-01|   0.0000000000000000E+00|   0.0000000000000000E+00|          0|
# integrated result:   1.0000000000000000E+02
#
# Histogram 7: costheta2                                         
 7|  -1.000E+00|   0.0000000000000000E+00|   0.0000000000000000E+00|          0|
 7|  -9.750E-01|   0.0000000000000000E+00|   0.0000000000000000E+00|          0|
 7|  -9.500E-01|   2.4060150375939848E-03|   1.0000000000000000E+00|          1|
 7|  -9.250E-01|   0.0000000000000000E+00|   0.0000000000000000E+00|          0|
 7|  -9.000E-01|   0.0000000000000000E+00|   0.0000000000000000E+00|          0|
 7|  -8.750E-01|   2.4060150375939848E-03|   1.0000000000000000E+00|          1|
 7|  -8.500E-01|   0.0000000000000000E+00|   0.0000000000000000E+00|          0|
 7|  -8.250E-01|   4.8120300751879697E-03|   7.0710678118654746E-01|          2|
 7|  -8.000E-01|   0.0000000000000000E+00|   0.0000000000000000E+00|          0|
 7|  -7.750E-01|   0.0000000000000000E+00|   0.0000000000000000E+00|          0|
 7|  -7.500E-01|   2.4060150375939848E-03|   1.0000000000000000E+00|          1|
 7|  -7.250E-01|   2.4060150375939848E-03|   1.0000000000000000E+00|          1|
 7|  -7.000E-01|   2.4060150375939848E-03|   1.0000000000000000E+00|          1|
 7|  -6.750E-01|   0.0000000000000000E+00|   0.0000000000000000E+00|          0|
 7|  -6.500E-01|   2.4060150375939848E-03|   1.0000000000000000E+00|          1|
 7|  -6.250E-01|   7.2180451127819550E-03|   5.7735026918962584E-01|          3|
 7|  -6.000E-01|   4.8120300751879697E-03|   7.0710678118654746E-01|          2|
 7|  -5.750E-01|   0.0000000000000000E+00|   0.0000000000000000E+00|          0|
 7|  -5.500E-01|   2.4060150375939848E-03|   1.0000000000000000E+00|          1|
 7|  -5.250E-01|   4.8120300751879697E-03|   7.0710678118654746E-01|          2|
 7|  -5.000E-01|   0.0000000000000000E+00|   0.0000000000000000E+00|          0|
 7|  -4.750E-01|   2.4060150375939848E-03|   1.0000000000000000E+00|          1|
 7|  -4.500E-01|   2.4060150375939848E-03|   1.0000000000000000E+00|          1|
 7|  -4.250E-01|   7.2180451127819550E-03|   5.7735026918962584E-01|          3|
 7|  -4.000E-01|   7.2180451127819550E-03|   5.7735026918962584E-01|          3|
 7|  -3.750E-01|   2.4060150375939848E-03|   1.0000000000000000E+00|          1|
 7|  -3.500E-01|   7.2180451127819550E-03|   5.7735026918962584E-01|          3|
 7|  -3.250E-01|   2.4060150375939848E-03|   1.0000000000000000E+00|          1|
 7|  -3.000E-01|   4.8120300751879697E-03|   7.0710678118654746E-01|          2|
 7|  -2.750E-01|   2.4060150375939848E-03|   1.0000000000000000E+00|          1|
 7|  -2.500E-01|   2.4060150375939848E-03|   1.0000000000000000E+00|          1|
 7|  -2.250E-01|   4.8120300751879697E-03|   7.0710678118654746E-01|          2|
 7|  -2.000E-01|   2.4060150375939848E-03|   1.0000000000000000E+00|          1|
 7|  -1.750E-01|   2.4060150375939848E-03|   1.0000000000000000E+00|          1|
 7|  -1.500E-01|   2.4060150375939848E-03|   1.0000000000000000E+00|          1|
 7|  -1.250E-01|   9.6240601503759394E-03|   5.0000000000000000E-01|          4|
 7|  -1.000E-01|   4.8120300751879697E-03|   7.0710678118654746E-01|          2|
 7|  -7.500E-02|   4.8120300751879697E-03|   7.0710678118654746E-01|          2|
 7|  -5.000E-02|   4.8120300751879697E-03|   7.0710678118654746E-01|          2|
 7|  -2.500E-02|   1.2030075187969926E-02|   4.4721359549995793E-01|          5|
 7|   0.000E+00|   4.8120300751879697E-03|   7.0710678118654746E-01|          2|
 7|   2.500E-02|   9.6240601503759394E-03|   5.0000000000000000E-01|          4|
 7|   5.000E-02|   0.0000000000000000E+00|   0.0000000000000000E+00|          0|
 7|   7.500E-02|   4.8120300751879697E-03|   7.0710678118654746E-01|          2|
 7|   1.000E-01|   7.2180451127819550E-03|   5.7735026918962584E-01|          3|
 7|   1.250E-01|   4.8120300751879697E-03|   7.0710678118654746E-01|          2|
 7|   1.500E-01|   2.4060150375939848E-03|   1.0000000000000000E+00|          1|
 7|   1.750E-01|   7.2180451127819550E-03|   5.7735026918962584E-01|          3|
 7|   2.000E-01|   0.0000000000000000E+00|   0.0000000000000000E+00|          0|
 7|   2.250E-01|   4.8120300751879697E-03|   7.0710678118654746E-01|          2|
 7|   2.500E-01|   2.4060150375939848E-03|   1.0000000000000000E+00|          1|
 7|   2.750E-01|   0.0000000000000000E+00|   0.0000000000000000E+00|          0|
 7|   3.000E-01|   0.0000000000000000E+00|   0.0000000000000000E+00|          0|
 7|   3.250E-01|   9.6240601503759394E-03|   5.0000000000000000E-01|          4|
 7|   3.500E-01|   4.8120300751879697E-03|   7.0710678118654746E-01|          2|
 7|   3.750E-01|   2.4060150375939848E-03|   1.0000000000000000E+00|          1|
 7|   4.000E-01|   2.4060150375939848E-03|   1.0000000000000000E+00|          1|
 7|   4.250E-01|   4.8120300751879697E-03|   7.0710678118654746E-01|          2|
 7|   4.500E-01|   4.8120300751879697E-03|   7.0710678118654746E-01|          2|
 7|   4.750E-01|   4.8120300751879697E-03|   7.0710678118654746E-01|          2|
 7|   5.000E-01|   0.0000000000000000E+00|   0.0000000000000000E+00|          0|
 7|   5.250E-01|   0.0000000000000000E+00|   0.0000000000000000E+00|          0|
 7|   5.500E-01|   2.4060150375939848E-03|   1.0000000000000000E+00|          1|
 7|   5.750E-01|   0.0000000000000000E+00|   0.0000000000000000E+00|          0|
 7|   6.000E-01|   7.2180451127819550E-03|   5.7735026918962584E-01|          3|
 7|   6.250E-01|   4.8120300751879697E-03|   7.0710678118654746E-01|          2|
 7|   6.500E-01|   0.0000000000000000E+00|   0.0000000000000000E+00|          0|
 7|   6.750E-01|   0.0000000000000000E+00|   0.0000000000000000E+00|          0|
 7|   7.000E-01|   0.0000000000000000E+00|   0.0000000000000000E+00|          0|
 7|   7.250E-01|   4.8120300751879697E-03|   7.0710678118654746E-01|          2|
 7|   7.500E-01|   4.8120300751879697E-03|   7.0710678118654746E-01|          2|
 7|   7.750E-01|   0.0000000000000000E+00|   0.0000000000000000E+00|          0|
 7|   8.000E-01|   0.0000000000000000E+00|   0.0000000000000000E+00|          0|
 7|   8.250E-01|   7.2180451127819550E-03|   5.7735026918962584E-01|          3|
 7|   8.500E-01|   0.0000000000000000E+00|   0.0000000000000000E+00|          0|
 7|   8.750E-01|   0.0000000000000000E+00|   0.0000000000000000E+00|          0|
 7|   9.000E-01|   0.0000000000000000E+00|   0.0000000000000000E+00|          0|
 7|   9.250E-01|   0.0000000000000000E+00|   0.0000000000000000E+00|          0|
 7|   9.500E-01|   0.0000000000000000E+00|   0.0000000000000000E+00|          0|
 7|   9.750E-01|   0.0000000000000000E+00|   0.0000000000000000E+00|          0|
# integrated result:   1.0000000000000000E+02
#
# Histogram 8: phistar1                                          
 8|  -3.200E+00|   0.0000000000000000E+00|   0.0000000000000000E+00|          0|
 8|  -3.120E+00|   0.0000000000000000E+00|   0.0000000000000000E+00|          0|
 8|  -3.040E+00|   0.0000000000000000E+00|   0.0000000000000000E+00|          0|
 8|  -2.960E+00|   0.0000000000000000E+00|   0.0000000000000000E+00|          0|
 8|  -2.880E+00|   0.0000000000000000E+00|   0.0000000000000000E+00|          0|
 8|  -2.800E+00|   0.0000000000000000E+00|   0.0000000000000000E+00|          0|
 8|  -2.720E+00|   0.0000000000000000E+00|   0.0000000000000000E+00|          0|
 8|  -2.640E+00|   0.0000000000000000E+00|   0.0000000000000000E+00|          0|
 8|  -2.560E+00|   0.0000000000000000E+00|   0.0000000000000000E+00|          0|
 8|  -2.480E+00|   0.0000000000000000E+00|   0.0000000000000000E+00|          0|
 8|  -2.400E+00|   0.0000000000000000E+00|   0.0000000000000000E+00|          0|
 8|  -2.320E+00|   0.0000000000000000E+00|   0.0000000000000000E+00|          0|
 8|  -2.240E+00|   0.0000000000000000E+00|   0.0000000000000000E+00|          0|
 8|  -2.160E+00|   0.0000000000000000E+00|   0.0000000000000000E+00|          0|
 8|  -2.080E+00|   0.0000000000000000E+00|   0.0000000000000000E+00|          0|
 8|  -2.000E+00|   0.0000000000000000E+00|   0.0000000000000000E+00|          0|
 8|  -1.920E+00|   0.0000000000000000E+00|   0.0000000000000000E+00|          0|
 8|  -1.840E+00|   0.0000000000000000E+00|   0.0000000000000000E+00|          0|
 8|  -1.760E+00|   0.0000000000000000E+00|   0.0000000000000000E+00|          0|
 8|  -1.680E+00|   0.0000000000000000E+00|   0.0000000000000000E+00|          0|
 8|  -1.600E+00|   1.8045112781954888E-02|   2.0412414523193154E-01|         24|
 8|  -1.520E+00|   0.0000000000000000E+00|   0.0000000000000000E+00|          0|
 8|  -1.440E+00|   0.0000000000000000E+00|   0.0000000000000000E+00|          0|
 8|  -1.360E+00|   0.0000000000000000E+00|   0.0000000000000000E+00|          0|
 8|  -1.280E+00|   0.0000000000000000E+00|   0.0000000000000000E+00|          0|
 8|  -1.200E+00|   0.0000000000000000E+00|   0.0000000000000000E+00|          0|
 8|  -1.120E+00|   0.0000000000000000E+00|   0.0000000000000000E+00|          0|
 8|  -1.040E+00|   0.0000000000000000E+00|   0.0000000000000000E+00|          0|
 8|  -9.600E-01|   0.0000000000000000E+00|   0.0000000000000000E+00|          0|
 8|  -8.800E-01|   0.0000000000000000E+00|   0.0000000000000000E+00|          0|
 8|  -8.000E-01|   0.0000000000000000E+00|   0.0000000000000000E+00|          0|
 8|  -7.200E-01|   0.0000000000000000E+00|   0.0000000000000000E+00|          0|
 8|  -6.400E-01|   0.0000000000000000E+00|   0.0000000000000000E+00|          0|
 8|  -5.600E-01|   0.0000000000000000E+00|   0.0000000000000000E+00|          0|
 8|  -4.800E-01|   0.0000000000000000E+00|   0.0000000000000000E+00|          0|
 8|  -4.000E-01|   0.0000000000000000E+00|   0.0000000000000000E+00|          0|
 8|  -3.200E-01|   0.0000000000000000E+00|   0.0000000000000000E+00|          0|
 8|  -2.400E-01|   0.0000000000000000E+00|   0.0000000000000000E+00|          0|
 8|  -1.600E-01|   0.0000000000000000E+00|   0.0000000000000000E+00|          0|
 8|  -8.000E-02|   0.0000000000000000E+00|   0.0000000000000000E+00|          0|
 8|   0.000E+00|   0.0000000000000000E+00|   0.0000000000000000E+00|          0|
 8|   8.000E-02|   0.0000000000000000E+00|   0.0000000000000000E+00|          0|
 8|   1.600E-01|   0.0000000000000000E+00|   0.0000000000000000E+00|          0|
 8|   2.400E-01|   0.0000000000000000E+00|   0.0000000000000000E+00|          0|
 8|   3.200E-01|   0.0000000000000000E+00|   0.0000000000000000E+00|          0|
 8|   4.000E-01|   0.0000000000000000E+00|   0.0000000000000000E+00|          0|
 8|   4.800E-01|   0.0000000000000000E+00|   0.0000000000000000E+00|          0|
 8|   5.600E-01|   0.0000000000000000E+00|   0.0000000000000000E+00|          0|
 8|   6.400E-01|   0.0000000000000000E+00|   0.0000000000000000E+00|          0|
 8|   7.200E-01|   0.0000000000000000E+00|   0.0000000000000000E+00|          0|
 8|   8.000E-01|   0.0000000000000000E+00|   0.0000000000000000E+00|          0|
 8|   8.800E-01|   0.0000000000000000E+00|   0.0000000000000000E+00|          0|
 8|   9.600E-01|   0.0000000000000000E+00|   0.0000000000000000E+00|          0|
 8|   1.040E+00|   0.0000000000000000E+00|   0.0000000000000000E+00|          0|
 8|   1.120E+00|   0.0000000000000000E+00|   0.0000000000000000E+00|          0|
 8|   1.200E+00|   0.0000000000000000E+00|   0.0000000000000000E+00|          0|
 8|   1.280E+00|   0.0000000000000000E+00|   0.0000000000000000E+00|          0|
 8|   1.360E+00|   0.0000000000000000E+00|   0.0000000000000000E+00|          0|
 8|   1.440E+00|   0.0000000000000000E+00|   0.0000000000000000E+00|          0|
 8|   1.520E+00|   5.7142857142857141E-02|   1.1470786693528087E-01|         76|
 8|   1.600E+00|   0.0000000000000000E+00|   0.0000000000000000E+00|          0|
 8|   1.680E+00|   0.0000000000000000E+00|   0.0000000000000000E+00|          0|
 8|   1.760E+00|   0.0000000000000000E+00|   0.0000000000000000E+00|          0|
 8|   1.840E+00|   0.0000000000000000E+00|   0.0000000000000000E+00|          0|
 8|   1.920E+00|   0.0000000000000000E+00|   0.0000000000000000E+00|          0|
 8|   2.000E+00|   0.0000000000000000E+00|   0.0000000000000000E+00|          0|
 8|   2.080E+00|   0.0000000000000000E+00|   0.0000000000000000E+00|          0|
 8|   2.160E+00|   0.0000000000000000E+00|   0.0000000000000000E+00|          0|
 8|   2.240E+00|   0.0000000000000000E+00|   0.0000000000000000E+00|          0|
 8|   2.320E+00|   0.0000000000000000E+00|   0.0000000000000000E+00|          0|
 8|   2.400E+00|   0.0000000000000000E+00|   0.0000000000000000E+00|          0|
 8|   2.480E+00|   0.0000000000000000E+00|   0.0000000000000000E+00|          0|
 8|   2.560E+00|   0.0000000000000000E+00|   0.0000000000000000E+00|          0|
 8|   2.640E+00|   0.0000000000000000E+00|   0.0000000000000000E+00|          0|
 8|   2.720E+00|   0.0000000000000000E+00|   0.0000000000000000E+00|          0|
 8|   2.800E+00|   0.0000000000000000E+00|   0.0000000000000000E+00|          0|
 8|   2.880E+00|   0.0000000000000000E+00|   0.0000000000000000E+00|          0|
 8|   2.960E+00|   0.0000000000000000E+00|   0.0000000000000000E+00|          0|
 8|   3.040E+00|   0.0000000000000000E+00|   0.0000000000000000E+00|          0|
 8|   3.120E+00|   0.0000000000000000E+00|   0.0000000000000000E+00|          0|
# integrated result:   1.0000000000000000E+02
#
# Histogram 9: phi                                               
 9|  -3.200E+00|   0.0000000000000000E+00|   0.0000000000000000E+00|          0|
 9|  -3.120E+00|   2.2556390977443610E-03|   5.7735026918962584E-01|          3|
 9|  -3.040E+00|   0.0000000000000000E+00|   0.0000000000000000E+00|          0|
 9|  -2.960E+00|   7.5187969924812035E-04|   1.0000000000000000E+00|          1|
 9|  -2.880E+00|   2.2556390977443610E-03|   5.7735026918962584E-01|          3|
 9|  -2.800E+00|   7.5187969924812035E-04|   1.0000000000000000E+00|          1|
 9|  -2.720E+00|   7.5187969924812035E-04|   1.0000000000000000E+00|          1|
 9|  -2.640E+00|   7.5187969924812035E-04|   1.0000000000000000E+00|          1|
 9|  -2.560E+00|   7.5187969924812035E-04|   1.0000000000000000E+00|          1|
 9|  -2.480E+00|   0.0000000000000000E+00|   0.0000000000000000E+00|          0|
 9|  -2.400E+00|   2.2556390977443610E-03|   5.7735026918962584E-01|          3|
 9|  -2.320E+00|   0.0000000000000000E+00|   0.0000000000000000E+00|          0|
 9|  -2.240E+00|   7.5187969924812035E-04|   1.0000000000000000E+00|          1|
 9|  -2.160E+00|   7.5187969924812035E-04|   1.0000000000000000E+00|          1|
 9|  -2.080E+00|   2.2556390977443610E-03|   5.7735026918962584E-01|          3|
 9|  -2.000E+00|   0.0000000000000000E+00|   0.0000000000000000E+00|          0|
 9|  -1.920E+00|   0.0000000000000000E+00|   0.0000000000000000E+00|          0|
 9|  -1.840E+00|   7.5187969924812035E-04|   1.0000000000000000E+00|          1|
 9|  -1.760E+00|   0.0000000000000000E+00|   0.0000000000000000E+00|          0|
 9|  -1.680E+00|   7.5187969924812035E-04|   1.0000000000000000E+00|          1|
 9|  -1.600E+00|   7.5187969924812035E-04|   1.0000000000000000E+00|          1|
 9|  -1.520E+00|   0.0000000000000000E+00|   0.0000000000000000E+00|          0|
 9|  -1.440E+00|   7.5187969924812035E-04|   1.0000000000000000E+00|          1|
 9|  -1.360E+00|   0.0000000000000000E+00|   0.0000000000000000E+00|          0|
 9|  -1.280E+00|   1.5037593984962407E-03|   7.0710678118654746E-01|          2|
 9|  -1.200E+00|   7.5187969924812035E-04|   1.0000000000000000E+00|          1|
 9|  -1.120E+00|   7.5187969924812035E-04|   1.0000000000000000E+00|          1|
 9|  -1.040E+00|   7.5187969924812035E-04|   1.0000000000000000E+00|          1|
 9|  -9.600E-01|   1.5037593984962407E-03|   7.0710678118654746E-01|          2|
 9|  -8.800E-01|   2.2556390977443610E-03|   5.7735026918962584E-01|          3|
 9|  -8.000E-01|   7.5187969924812035E-04|   1.0000000000000000E+00|          1|
 9|  -7.200E-01|   7.5187969924812035E-04|   1.0000000000000000E+00|          1|
 9|  -6.400E-01|   0.0000000000000000E+00|   0.0000000000000000E+00|          0|
 9|  -5.600E-01|   7.5187969924812035E-04|   1.0000000000000000E+00|          1|
 9|  -4.800E-01|   0.0000000000000000E+00|   0.0000000000000000E+00|          0|
 9|  -4.000E-01|   1.5037593984962407E-03|   7.0710678118654746E-01|          2|
 9|  -3.200E-01|   0.0000000000000000E+00|   0.0000000000000000E+00|          0|
 9|  -2.400E-01|   0.0000000000000000E+00|   0.0000000000000000E+00|          0|
 9|  -1.600E-01|   3.0075187969924814E-03|   5.0000000000000000E-01|          4|
 9|  -8.000E-02|   0.0000000000000000E+00|   0.0000000000000000E+00|          0|
 9|   0.000E+00|   7.5187969924812035E-04|   1.0000000000000000E+00|          1|
 9|   8.000E-02|   0.0000000000000000E+00|   0.0000000000000000E+00|          0|
 9|   1.600E-01|   1.5037593984962407E-03|   7.0710678118654746E-01|          2|
 9|   2.400E-01|   0.0000000000000000E+00|   0.0000000000000000E+00|          0|
 9|   3.200E-01|   1.5037593984962407E-03|   7.0710678118654746E-01|          2|
 9|   4.000E-01|   7.5187969924812035E-04|   1.0000000000000000E+00|          1|
 9|   4.800E-01|   7.5187969924812035E-04|   1.0000000000000000E+00|          1|
 9|   5.600E-01|   1.5037593984962407E-03|   7.0710678118654746E-01|          2|
 9|   6.400E-01|   1.5037593984962407E-03|   7.0710678118654746E-01|          2|
 9|   7.200E-01|   0.0000000000000000E+00|   0.0000000000000000E+00|          0|
 9|   8.000E-01|   1.5037593984962407E-03|   7.0710678118654746E-01|          2|
 9|   8.800E-01|   7.5187969924812035E-04|   1.0000000000000000E+00|          1|
 9|   9.600E-01|   2.2556390977443610E-03|   5.7735026918962584E-01|          3|
 9|   1.040E+00|   7.5187969924812035E-04|   1.0000000000000000E+00|          1|
 9|   1.120E+00|   7.5187969924812035E-04|   1.0000000000000000E+00|          1|
 9|   1.200E+00|   2.2556390977443610E-03|   5.7735026918962584E-01|          3|
 9|   1.280E+00|   2.2556390977443610E-03|   5.7735026918962584E-01|          3|
 9|   1.360E+00|   2.2556390977443610E-03|   5.7735026918962584E-01|          3|
 9|   1.440E+00|   1.5037593984962407E-03|   7.0710678118654746E-01|          2|
 9|   1.520E+00|   7.5187969924812035E-04|   1.0000000000000000E+00|          1|
 9|   1.600E+00|   1.5037593984962407E-03|   7.0710678118654746E-01|          2|
 9|   1.680E+00|   7.5187969924812035E-04|   1.0000000000000000E+00|          1|
 9|   1.760E+00|   7.5187969924812035E-04|   1.0000000000000000E+00|          1|
 9|   1.840E+00|   1.5037593984962407E-03|   7.0710678118654746E-01|          2|
 9|   1.920E+00|   0.0000000000000000E+00|   0.0000000000000000E+00|          0|
 9|   2.000E+00|   0.0000000000000000E+00|   0.0000000000000000E+00|          0|
 9|   2.080E+00|   1.5037593984962407E-03|   7.0710678118654746E-01|          2|
 9|   2.160E+00|   7.5187969924812035E-04|   1.0000000000000000E+00|          1|
 9|   2.240E+00|   1.5037593984962407E-03|   7.0710678118654746E-01|          2|
 9|   2.320E+00|   3.0075187969924814E-03|   5.0000000000000000E-01|          4|
 9|   2.400E+00|   1.5037593984962407E-03|   7.0710678118654746E-01|          2|
 9|   2.480E+00|   0.0000000000000000E+00|   0.0000000000000000E+00|          0|
 9|   2.560E+00|   7.5187969924812035E-04|   1.0000000000000000E+00|          1|
 9|   2.640E+00|   0.0000000000000000E+00|   0.0000000000000000E+00|          0|
 9|   2.720E+00|   2.2556390977443610E-03|   5.7735026918962584E-01|          3|
 9|   2.800E+00|   1.5037593984962407E-03|   7.0710678118654746E-01|          2|
 9|   2.880E+00|   7.5187969924812035E-04|   1.0000000000000000E+00|          1|
 9|   2.960E+00|   7.5187969924812035E-04|   1.0000000000000000E+00|          1|
 9|   3.040E+00|   7.5187969924812035E-04|   1.0000000000000000E+00|          1|
 9|   3.120E+00|   7.5187969924812035E-04|   1.0000000000000000E+00|          1|
# integrated result:   1.0000000000000000E+02
#
# Histogram10: EHat                                              
10|   2.000E+02|   0.0000000000000000E+00|   0.0000000000000000E+00|          0|
10|   2.100E+02|   0.0000000000000000E+00|   0.0000000000000000E+00|          0|
10|   2.200E+02|   0.0000000000000000E+00|   0.0000000000000000E+00|          0|
10|   2.300E+02|   6.0150375939849624E-06|   1.0000000000000000E+00|          1|
10|   2.400E+02|   0.0000000000000000E+00|   0.0000000000000000E+00|          0|
10|   2.500E+02|   0.0000000000000000E+00|   0.0000000000000000E+00|          0|
10|   2.600E+02|   0.0000000000000000E+00|   0.0000000000000000E+00|          0|
10|   2.700E+02|   6.0150375939849624E-06|   1.0000000000000000E+00|          1|
10|   2.800E+02|   1.2030075187969925E-05|   7.0710678118654746E-01|          2|
10|   2.900E+02|   6.0150375939849624E-06|   1.0000000000000000E+00|          1|
10|   3.000E+02|   6.0150375939849624E-06|   1.0000000000000000E+00|          1|
10|   3.100E+02|   1.2030075187969925E-05|   7.0710678118654746E-01|          2|
10|   3.200E+02|   6.0150375939849624E-06|   1.0000000000000000E+00|          1|
10|   3.300E+02|   0.0000000000000000E+00|   0.0000000000000000E+00|          0|
10|   3.400E+02|   0.0000000000000000E+00|   0.0000000000000000E+00|          0|
10|   3.500E+02|   6.0150375939849624E-06|   1.0000000000000000E+00|          1|
10|   3.600E+02|   2.4060150375939850E-05|   5.0000000000000000E-01|          4|
10|   3.700E+02|   1.2030075187969925E-05|   7.0710678118654746E-01|          2|
10|   3.800E+02|   1.8045112781954888E-05|   5.7735026918962584E-01|          3|
10|   3.900E+02|   1.8045112781954888E-05|   5.7735026918962584E-01|          3|
10|   4.000E+02|   0.0000000000000000E+00|   0.0000000000000000E+00|          0|
10|   4.100E+02|   6.0150375939849624E-06|   1.0000000000000000E+00|          1|
10|   4.200E+02|   1.2030075187969925E-05|   7.0710678118654746E-01|          2|
10|   4.300E+02|   1.8045112781954888E-05|   5.7735026918962584E-01|          3|
10|   4.400E+02|   3.0075187969924811E-05|   4.4721359549995793E-01|          5|
10|   4.500E+02|   6.0150375939849624E-06|   1.0000000000000000E+00|          1|
10|   4.600E+02|   2.4060150375939850E-05|   5.0000000000000000E-01|          4|
10|   4.700E+02|   1.8045112781954888E-05|   5.7735026918962584E-01|          3|
10|   4.800E+02|   0.0000000000000000E+00|   0.0000000000000000E+00|          0|
10|   4.900E+02|   3.0075187969924811E-05|   4.4721359549995793E-01|          5|
10|   5.000E+02|   6.0150375939849624E-06|   1.0000000000000000E+00|          1|
10|   5.100E+02|   6.0150375939849624E-06|   1.0000000000000000E+00|          1|
10|   5.200E+02|   1.8045112781954888E-05|   5.7735026918962584E-01|          3|
10|   5.300E+02|   1.8045112781954888E-05|   5.7735026918962584E-01|          3|
10|   5.400E+02|   6.0150375939849624E-06|   1.0000000000000000E+00|          1|
10|   5.500E+02|   0.0000000000000000E+00|   0.0000000000000000E+00|          0|
10|   5.600E+02|   6.0150375939849624E-06|   1.0000000000000000E+00|          1|
10|   5.700E+02|   6.0150375939849624E-06|   1.0000000000000000E+00|          1|
10|   5.800E+02|   1.2030075187969925E-05|   7.0710678118654746E-01|          2|
10|   5.900E+02|   0.0000000000000000E+00|   0.0000000000000000E+00|          0|
10|   6.000E+02|   0.0000000000000000E+00|   0.0000000000000000E+00|          0|
10|   6.100E+02|   6.0150375939849624E-06|   1.0000000000000000E+00|          1|
10|   6.200E+02|   6.0150375939849624E-06|   1.0000000000000000E+00|          1|
10|   6.300E+02|   0.0000000000000000E+00|   0.0000000000000000E+00|          0|
10|   6.400E+02|   1.8045112781954888E-05|   5.7735026918962584E-01|          3|
10|   6.500E+02|   6.0150375939849624E-06|   1.0000000000000000E+00|          1|
10|   6.600E+02|   1.8045112781954888E-05|   5.7735026918962584E-01|          3|
10|   6.700E+02|   6.0150375939849624E-06|   1.0000000000000000E+00|          1|
10|   6.800E+02|   1.2030075187969925E-05|   7.0710678118654746E-01|          2|
10|   6.900E+02|   0.0000000000000000E+00|   0.0000000000000000E+00|          0|
10|   7.000E+02|   0.0000000000000000E+00|   0.0000000000000000E+00|          0|
10|   7.100E+02|   6.0150375939849624E-06|   1.0000000000000000E+00|          1|
10|   7.200E+02|   1.2030075187969925E-05|   7.0710678118654746E-01|          2|
10|   7.300E+02|   6.0150375939849624E-06|   1.0000000000000000E+00|          1|
10|   7.400E+02|   6.0150375939849624E-06|   1.0000000000000000E+00|          1|
10|   7.500E+02|   6.0150375939849624E-06|   1.0000000000000000E+00|          1|
10|   7.600E+02|   0.0000000000000000E+00|   0.0000000000000000E+00|          0|
10|   7.700E+02|   0.0000000000000000E+00|   0.0000000000000000E+00|          0|
10|   7.800E+02|   0.0000000000000000E+00|   0.0000000000000000E+00|          0|
10|   7.900E+02|   0.0000000000000000E+00|   0.0000000000000000E+00|          0|
10|   8.000E+02|   6.0150375939849624E-06|   1.0000000000000000E+00|          1|
10|   8.100E+02|   0.0000000000000000E+00|   0.0000000000000000E+00|          0|
10|   8.200E+02|   0.0000000000000000E+00|   0.0000000000000000E+00|          0|
10|   8.300E+02|   0.0000000000000000E+00|   0.0000000000000000E+00|          0|
10|   8.400E+02|   0.0000000000000000E+00|   0.0000000000000000E+00|          0|
10|   8.500E+02|   0.0000000000000000E+00|   0.0000000000000000E+00|          0|
10|   8.600E+02|   0.0000000000000000E+00|   0.0000000000000000E+00|          0|
10|   8.700E+02|   6.0150375939849624E-06|   1.0000000000000000E+00|          1|
10|   8.800E+02|   0.0000000000000000E+00|   0.0000000000000000E+00|          0|
10|   8.900E+02|   0.0000000000000000E+00|   0.0000000000000000E+00|          0|
10|   9.000E+02|   6.0150375939849624E-06|   1.0000000000000000E+00|          1|
10|   9.100E+02|   0.0000000000000000E+00|   0.0000000000000000E+00|          0|
10|   9.200E+02|   6.0150375939849624E-06|   1.0000000000000000E+00|          1|
10|   9.300E+02|   0.0000000000000000E+00|   0.0000000000000000E+00|          0|
10|   9.400E+02|   0.0000000000000000E+00|   0.0000000000000000E+00|          0|
10|   9.500E+02|   6.0150375939849624E-06|   1.0000000000000000E+00|          1|
10|   9.600E+02|   0.0000000000000000E+00|   0.0000000000000000E+00|          0|
10|   9.700E+02|   0.0000000000000000E+00|   0.0000000000000000E+00|          0|
10|   9.800E+02|   6.0150375939849624E-06|   1.0000000000000000E+00|          1|
10|   9.900E+02|   0.0000000000000000E+00|   0.0000000000000000E+00|          0|
# integrated result:   1.0000000000000000E+02
#
